shape r1 rectangle
shape r2 rectangle
shape r3 rectangle
shape r4 rectangle
shape r5 rectangle
motion r2 0 430 100 30 300 51 153 255     5 460 100 30 300 51 153 255
motion r3 0 460 100 30 200 0 255 51     5 430 100 30 200 0 255 51
motion r1 0 400 100 30 75 255 51 51     5 400 100 30 75 255 51 51
motion r4 0 490 100 30 100 255 255 0     5 490 100 30 100 255 255 0
motion r5 0 520 100 30 55 102 102 102     5 520 100 30 55 102 102 102
motion r2 5 460 100 30 300 51 153 255     10 490 100 30 300 51 153 255
motion r4 5 490 100 30 100 255 255 0     10 460 100 30 100 255 255 0
motion r1 5 400 100 30 75 255 51 51     10 400 100 30 75 255 51 51
motion r3 5 430 100 30 200 0 255 51     10 430 100 30 200 0 255 51
motion r5 5 520 100 30 55 102 102 102     10 520 100 30 55 102 102 102
motion r2 10 490 100 30 300 51 153 255     15 520 100 30 300 51 153 255
motion r5 10 520 100 30 55 102 102 102     15 490 100 30 55 102 102 102
motion r1 10 400 100 30 75 255 51 51     15 400 100 30 75 255 51 51
motion r3 10 430 100 30 200 0 255 51     15 430 100 30 200 0 255 51
motion r4 10 460 100 30 100 255 255 0     15 460 100 30 100 255 255 0
motion r3 15 430 100 30 200 0 255 51     20 460 100 30 200 0 255 51
motion r4 15 460 100 30 100 255 255 0     20 430 100 30 100 255 255 0
motion r1 15 400 100 30 75 255 51 51     20 400 100 30 75 255 51 51
motion r5 15 490 100 30 55 102 102 102     20 490 100 30 55 102 102 102
motion r2 15 520 100 30 300 51 153 255     20 520 100 30 300 51 153 255
motion r3 20 460 100 30 200 0 255 51     25 490 100 30 200 0 255 51
motion r5 20 490 100 30 55 102 102 102     25 460 100 30 55 102 102 102
motion r1 20 400 100 30 75 255 51 51     25 400 100 30 75 255 51 51
motion r4 20 430 100 30 100 255 255 0     25 430 100 30 100 255 255 0
motion r2 20 520 100 30 300 51 153 255     25 520 100 30 300 51 153 255
motion r4 25 430 100 30 100 255 255 0     30 460 100 30 100 255 255 0
motion r5 25 460 100 30 55 102 102 102     30 430 100 30 55 102 102 102
motion r1 25 400 100 30 75 255 51 51     30 400 100 30 75 255 51 51
motion r3 25 490 100 30 200 0 255 51     30 490 100 30 200 0 255 51
motion r2 25 520 100 30 300 51 153 255     30 520 100 30 300 51 153 255
motion r1 30 400 100 30 75 255 51 51     35 430 100 30 75 255 51 51
motion r5 30 430 100 30 55 102 102 102     35 400 100 30 55 102 102 102
motion r4 30 460 100 30 100 255 255 0     35 460 100 30 100 255 255 0
motion r3 30 490 100 30 200 0 255 51     35 490 100 30 200 0 255 51
motion r2 30 520 100 30 300 51 153 255     35 520 100 30 300 51 153 255
motion r5 35 400 100 30 55 102 102 102     55 400 100 30 55 102 102 102
motion r1 35 430 100 30 75 255 51 51     55 430 100 30 75 255 51 51
motion r4 35 460 100 30 100 255 255 0     55 460 100 30 100 255 255 0
motion r3 35 490 100 30 200 0 255 51     55 490 100 30 200 0 255 51
motion r2 35 520 100 30 300 51 153 255     55 520 100 30 300 51 153 255
