canvas 0 0 800 800

shape background rectangle
shape B0 rectangle
shape B1 rectangle
shape B2 rectangle

shape window000 rectangle
shape window001 rectangle
shape window002 rectangle
shape window003 rectangle
shape window004 rectangle
shape window005 rectangle
shape window006 rectangle

shape window007 rectangle
shape window008 rectangle
shape window009 rectangle
shape window010 rectangle
shape window011 rectangle
shape window012 rectangle
shape window013 rectangle


shape window014 rectangle
shape window015 rectangle
shape window016 rectangle
shape window017 rectangle
shape window018 rectangle
shape window019 rectangle
shape window020 rectangle

shape door1 rectangle
shape door2 rectangle
shape door3 rectangle

shape doorknob1 ellipse
shape doorknob2 ellipse
shape doorknob3 ellipse

shape sun ellipse

motion background 1 50 50 1000 800 33 94 248 1 50 50 1000 800 33 94 248
motion background 1 50 50 1000 800 33 94 248 10 50 50 1000 800 33 94 248
motion background 10 50 50 1000 800 33 94 248 110 50 50 1000 800 51 204 255
motion background 110 50 50 1000 800 51 204 255 200 50 50 1000 800 255 102 0
motion background 200 50 50 1000 800 255 102 0 250 50 50 1000 800 33 94 248
motion background 250 50 50 1000 800 33 94 248 300 50 50 1000 800 33 94 248

motion B0 1 300 424 100 700 102 51 0 1 300 424 100 700 102 51 0
motion B0 1 300 424 100 700 102 51 0 300 300 424 100 700 102 51 0
motion B1 1 500 424 100 700 102 51 0 1 500 424 100 700 102 51 0
motion B1 1 500 424 100 700 102 51 0 300 500 424 100 700 102 51 0
motion B2 1 700 424 100 700 102 51 0 1 700 424 100 700 102 51 0
motion B2 1 700 424 100 700 102 51 0 300 700 424 100 700 102 51 0

motion sun 1 50 750 100 100 229 229 255 1 50 750 100 100 229 229 255
motion sun 1 50 750 100 100 229 229 255 10 50 750 100 100 229 229 255
motion sun 10 50 750 100 100 229 229 255 110 500 100 100 100 255 255 153
motion sun 110 500 100 100 100 255 255 153 200 900 750 100 100 229 229 255
motion sun 200 900 750 100 100 229 229 255 250 50 50 100 100 229 229 255
motion sun 250 50 50 100 100 229 229 255 300 50 50 100 100 229 229 255

motion window000 1 -310 560 30 30 229 229 255 1 -310 560 30 30 229 229 255
motion window000 1 -310 560 30 30 229 229 255 10 310 560 30 30 229 229 255
motion window000 10 310 560 30 30 229 229 255 250 310 560 30 30 229 229 255
motion window000 250 310 560 30 30 229 229 255 260 310 560 30 30 255 51 51
motion window000 260 310 560 30 30 255 51 51 270 310 560 30 30 51 153 255
motion window000 270 310 560 30 30 51 153 255 280 310 560 30 30 0 255 51
motion window000 280 310 560 30 30 0 255 51 290 310 560 30 30 255 255 0
motion window000 290 310 560 30 30 255 255 0 295 310 560 30 30 102 0 153
motion window000 295 310 560 30 30 102 0 153 300 310 560 30 30 229 229 255

motion window001 1 -360 560 30 30 229 229 255 1 -360 560 30 30 229 229 255
motion window001 1 -360 560 30 30 229 229 255 10 360 560 30 30 229 229 255
motion window001 10 360 560 30 30 229 229 255 250 360 560 30 30 229 229 255
motion window001 250 360 560 30 30 229 229 255 260 360 560 30 30 255 51 51
motion window001 260 360 560 30 30 255 51 51 270 360 560 30 30 51 153 255
motion window001 270 360 560 30 30 51 153 255 280 360 560 30 30 0 255 51
motion window001 280 360 560 30 30 0 255 51 290 360 560 30 30 255 255 0
motion window001 290 360 560 30 30 255 255 0 295 360 560 30 30 102 0 153
motion window001 295 360 560 30 30 102 0 153 300 360 560 30 30 229 229 255


motion window002 1 -360 450 30 30 229 229 255 1 -360 450 30 30 229 229 255
motion window002 1 -360 450 30 30 229 229 255 10 360 450 30 30 229 229 255
motion window002 10 360 450 30 30 229 229 255 250 360 450 30 30 229 229 255
motion window002 250 360 450 30 30 229 229 255 260 360 450 30 30 255 51 51
motion window002 260 360 450 30 30 255 51 51 270 360 450 30 30 51 153 255
motion window002 270 360 450 30 30 51 153 255 280 360 450 30 30 0 255 51
motion window002 280 360 450 30 30 0 255 51 290 360 450 30 30 255 255 0
motion window002 290 360 450 30 30 255 255 0 295 360 450 30 30 102 0 153
motion window002 295 360 450 30 30 102 0 153 300 360 450 30 30 229 229 255

motion window003 1 -310 450 30 30 229 229 255 1 -310 450 30 30 229 229 255
motion window003 1 -310 450 30 30 229 229 255 10 310 450 30 30 229 229 255
motion window003 10 310 450 30 30 229 229 255 250 310 450 30 30 229 229 255
motion window003 250 310 450 30 30 229 229 255 260 310 450 30 30 255 51 51
motion window003 260 310 450 30 30 255 51 51 270 310 450 30 30 51 153 255
motion window003 270 310 450 30 30 51 153 255 280 310 450 30 30 0 255 51
motion window003 280 310 450 30 30 0 255 51 290 310 450 30 30 255 255 0
motion window003 290 310 450 30 30 255 255 0 295 310 450 30 30 102 0 153
motion window003 295 310 450 30 30 102 0 153 300 310 450 30 30 229 229 255

motion window004 1 -310 450 30 30 229 229 255 1 -310 450 30 30 229 229 255
motion window004 1 -310 450 30 30 229 229 255 10 310 450 30 30 229 229 255
motion window004 10 310 450 30 30 229 229 255 250 310 450 30 30 229 229 255
motion window004 250 310 450 30 30 229 229 255 260 310 450 30 30 255 51 51
motion window004 260 310 450 30 30 255 51 51 270 310 450 30 30 51 153 255
motion window004 270 310 450 30 30 51 153 255 280 310 450 30 30 0 255 51
motion window004 280 310 450 30 30 0 255 51 290 310 450 30 30 255 255 0
motion window004 290 310 450 30 30 255 255 0 295 310 450 30 30 102 0 153
motion window004 295 310 450 30 30 102 0 153 300 310 450 30 30 229 229 255

motion window005 1 -310 660 30 30 229 229 255 1 -310 660 30 30 229 229 255
motion window005 1 -310 660 30 30 229 229 255 10 310 660 30 30 229 229 255
motion window005 10 310 660 30 30 229 229 255 250 310 660 30 30 229 229 255
motion window005 250 310 660 30 30 229 229 255 260 310 660 30 30 255 51 51
motion window005 260 310 660 30 30 255 51 51 270 310 660 30 30 51 153 255
motion window005 270 310 660 30 30 51 153 255 280 310 660 30 30 0 255 51
motion window005 280 310 660 30 30 0 255 51 290 310 660 30 30 255 255 0
motion window005 290 310 660 30 30 255 255 0 295 310 660 30 30 102 0 153
motion window005 295 310 660 30 30 102 0 153 300 310 660 30 30 229 229 255

motion window006 1 -360 660 30 30 229 229 255 1 -360 660 30 30 229 229 255
motion window006 1 -360 660 30 30 229 229 255 10 360 660 30 30 229 229 255
motion window006 10 360 660 30 30 229 229 255 250 360 660 30 30 229 229 255
motion window006 250 360 660 30 30 229 229 255 260 360 660 30 30 255 51 51
motion window006 260 360 660 30 30 255 51 51 270 360 660 30 30 51 153 255
motion window006 270 360 660 30 30 51 153 255 280 360 660 30 30 0 255 51
motion window006 280 360 660 30 30 0 255 51 290 360 660 30 30 255 255 0
motion window006 290 360 660 30 30 255 255 0 295 360 660 30 30 102 0 153
motion window006 295 360 660 30 30 102 0 153 300 360 660 30 30 229 229 255


motion window007 1 -510 560 30 30 229 229 255 1 -510 560 30 30 229 229 255
motion window007 1 -510 560 30 30 229 229 255 10 510 560 30 30 229 229 255
motion window007 10 510 560 30 30 229 229 255 250 510 560 30 30 229 229 255
motion window007 250 510 560 30 30 229 229 255 260 510 560 30 30 255 51 51
motion window007 260 510 560 30 30 255 51 51 270 510 560 30 30 51 153 255
motion window007 270 510 560 30 30 51 153 255 280 510 560 30 30 0 255 51
motion window007 280 510 560 30 30 0 255 51 290 510 560 30 30 255 255 0
motion window007 290 510 560 30 30 255 255 0 295 510 560 30 30 102 0 153
motion window007 295 510 560 30 30 102 0 153 300 510 560 30 30 229 229 255

motion window008 1 -560 560 30 30 229 229 255 1 -560 560 30 30 229 229 255
motion window008 1 -560 560 30 30 229 229 255 10 560 560 30 30 229 229 255
motion window008 10 560 560 30 30 229 229 255 250 560 560 30 30 229 229 255
motion window008 250 560 560 30 30 229 229 255 260 560 560 30 30 255 51 51
motion window008 260 560 560 30 30 255 51 51 270 560 560 30 30 51 153 255
motion window008 270 560 560 30 30 51 153 255 280 560 560 30 30 0 255 51
motion window008 280 560 560 30 30 0 255 51 290 560 560 30 30 255 255 0
motion window008 290 560 560 30 30 255 255 0 295 560 560 30 30 102 0 153
motion window008 295 560 560 30 30 102 0 153 300 560 560 30 30 229 229 255

motion window009 1 -560 450 30 30 229 229 255 1 -560 450 30 30 229 229 255
motion window009 1 -560 450 30 30 229 229 255 10 560 450 30 30 229 229 255
motion window009 10 560 450 30 30 229 229 255 250 560 450 30 30 229 229 255
motion window009 250 560 450 30 30 229 229 255 260 560 450 30 30 255 51 51
motion window009 260 560 450 30 30 255 51 51 270 560 450 30 30 51 153 255
motion window009 270 560 450 30 30 51 153 255 280 560 450 30 30 0 255 51
motion window009 280 560 450 30 30 0 255 51 290 560 450 30 30 255 255 0
motion window009 290 560 450 30 30 255 255 0 295 560 450 30 30 102 0 153
motion window009 295 560 450 30 30 102 0 153 300 560 450 30 30 229 229 255

motion window010 1 -510 450 30 30 229 229 255 1 -510 450 30 30 229 229 255
motion window010 1 -510 450 30 30 229 229 255 10 510 450 30 30 229 229 255
motion window010 10 510 450 30 30 229 229 255 250 510 450 30 30 229 229 255
motion window010 250 510 450 30 30 229 229 255 260 510 450 30 30 255 51 51
motion window010 260 510 450 30 30 255 51 51 270 510 450 30 30 51 153 255
motion window010 270 510 450 30 30 51 153 255 280 510 450 30 30 0 255 51
motion window010 280 510 450 30 30 0 255 51 290 510 450 30 30 255 255 0
motion window010 290 510 450 30 30 255 255 0 295 510 450 30 30 102 0 153
motion window010 295 510 450 30 30 102 0 153 300 510 450 30 30 229 229 255


motion window011 1 -510 450 30 30 229 229 255 1 -510 450 30 30 229 229 255
motion window011 1 -510 450 30 30 229 229 255 10 510 450 30 30 229 229 255
motion window011 10 510 450 30 30 229 229 255 250 510 450 30 30 229 229 255
motion window011 250 510 450 30 30 229 229 255 260 510 450 30 30 255 51 51
motion window011 260 510 450 30 30 255 51 51 270 510 450 30 30 51 153 255
motion window011 270 510 450 30 30 51 153 255 280 510 450 30 30 0 255 51
motion window011 280 510 450 30 30 0 255 51 290 510 450 30 30 255 255 0
motion window011 290 510 450 30 30 255 255 0 295 510 450 30 30 102 0 153
motion window011 295 510 450 30 30 102 0 153 300 510 450 30 30 229 229 255

motion window012 1 -510 660 30 30 229 229 255 1 -510 660 30 30 229 229 255
motion window012 1 -510 660 30 30 229 229 255 10 510 660 30 30 229 229 255
motion window012 10 510 660 30 30 229 229 255 250 510 660 30 30 229 229 255
motion window012 250 510 660 30 30 229 229 255 260 510 660 30 30 255 51 51
motion window012 260 510 660 30 30 255 51 51 270 510 660 30 30 51 153 255
motion window012 270 510 660 30 30 51 153 255 280 510 660 30 30 0 255 51
motion window012 280 510 660 30 30 0 255 51 290 510 660 30 30 255 255 0
motion window012 290 510 660 30 30 255 255 0 295 510 660 30 30 102 0 153
motion window012 295 510 660 30 30 102 0 153 300 510 660 30 30 229 229 255

motion window013 1 -560 660 30 30 229 229 255 1 -560 660 30 30 229 229 255
motion window013 1 -560 660 30 30 229 229 255 10 560 660 30 30 229 229 255
motion window013 10 560 660 30 30 229 229 255 250 560 660 30 30 229 229 255
motion window013 250 560 660 30 30 229 229 255 260 560 660 30 30 255 51 51
motion window013 260 560 660 30 30 255 51 51 270 560 660 30 30 51 153 255
motion window013 270 560 660 30 30 51 153 255 280 560 660 30 30 0 255 51
motion window013 280 560 660 30 30 0 255 51 290 560 660 30 30 255 255 0
motion window013 290 560 660 30 30 255 255 0 295 560 660 30 30 102 0 153
motion window013 295 560 660 30 30 102 0 153 300 560 660 30 30 229 229 255


motion window014 1 -710 560 30 30 229 229 255 1 -710 560 30 30 229 229 255
motion window014 1 -710 560 30 30 229 229 255 10 710 560 30 30 229 229 255
motion window014 10 710 560 30 30 229 229 255 250 710 560 30 30 229 229 255
motion window014 250 710 560 30 30 229 229 255 260 710 560 30 30 255 51 51
motion window014 260 710 560 30 30 255 51 51 270 710 560 30 30 51 153 255
motion window014 270 710 560 30 30 51 153 255 280 710 560 30 30 0 255 51
motion window014 280 710 560 30 30 0 255 51 290 710 560 30 30 255 255 0
motion window014 290 710 560 30 30 255 255 0 295 710 560 30 30 102 0 153
motion window014 295 710 560 30 30 102 0 153 300 710 560 30 30 229 229 255


motion window015 1 -760 560 30 30 229 229 255 1 -760 560 30 30 229 229 255
motion window015 1 -760 560 30 30 229 229 255 10 760 560 30 30 229 229 255
motion window015 10 760 560 30 30 229 229 255 250 760 560 30 30 229 229 255
motion window015 250 760 560 30 30 229 229 255 260 760 560 30 30 255 51 51
motion window015 260 760 560 30 30 255 51 51 270 760 560 30 30 51 153 255
motion window015 270 760 560 30 30 51 153 255 280 760 560 30 30 0 255 51
motion window015 280 760 560 30 30 0 255 51 290 760 560 30 30 255 255 0
motion window015 290 760 560 30 30 255 255 0 295 760 560 30 30 102 0 153
motion window015 295 760 560 30 30 102 0 153 300 760 560 30 30 229 229 255


motion window016 1 -760 450 30 30 229 229 255 1 -760 450 30 30 229 229 255
motion window016 1 -760 450 30 30 229 229 255 10 760 450 30 30 229 229 255
motion window016 10 760 450 30 30 229 229 255 250 760 450 30 30 229 229 255
motion window016 250 760 450 30 30 229 229 255 260 760 450 30 30 255 51 51
motion window016 260 760 450 30 30 255 51 51 270 760 450 30 30 51 153 255
motion window016 270 760 450 30 30 51 153 255 280 760 450 30 30 0 255 51
motion window016 280 760 450 30 30 0 255 51 290 760 450 30 30 255 255 0
motion window016 290 760 450 30 30 255 255 0 295 760 450 30 30 102 0 153
motion window016 295 760 450 30 30 102 0 153 300 760 450 30 30 229 229 255

motion window017 1 -710 450 30 30 229 229 255 1 -710 450 30 30 229 229 255
motion window017 1 -710 450 30 30 229 229 255 10 710 450 30 30 229 229 255
motion window017 10 710 450 30 30 229 229 255 250 710 450 30 30 229 229 255
motion window017 250 710 450 30 30 229 229 255 260 710 450 30 30 255 51 51
motion window017 260 710 450 30 30 255 51 51 270 710 450 30 30 51 153 255
motion window017 270 710 450 30 30 51 153 255 280 710 450 30 30 0 255 51
motion window017 280 710 450 30 30 0 255 51 290 710 450 30 30 255 255 0
motion window017 290 710 450 30 30 255 255 0 295 710 450 30 30 102 0 153
motion window017 295 710 450 30 30 102 0 153 300 710 450 30 30 229 229 255

motion window018 1 -710 450 30 30 229 229 255 1 -710 450 30 30 229 229 255
motion window018 1 -710 450 30 30 229 229 255 10 710 450 30 30 229 229 255
motion window018 10 710 450 30 30 229 229 255 250 710 450 30 30 229 229 255
motion window018 250 710 450 30 30 229 229 255 260 710 450 30 30 255 51 51
motion window018 260 710 450 30 30 255 51 51 270 710 450 30 30 51 153 255
motion window018 270 710 450 30 30 51 153 255 280 710 450 30 30 0 255 51
motion window018 280 710 450 30 30 0 255 51 290 710 450 30 30 255 255 0
motion window018 290 710 450 30 30 255 255 0 295 710 450 30 30 102 0 153
motion window018 295 710 450 30 30 102 0 153 300 710 450 30 30 229 229 255

motion window019 1 -710 660 30 30 229 229 255 1 -710 660 30 30 229 229 255
motion window019 1 -710 660 30 30 229 229 255 10 710 660 30 30 229 229 255
motion window019 10 710 660 30 30 229 229 255 250 710 660 30 30 229 229 255
motion window019 250 710 660 30 30 229 229 255 260 710 660 30 30 255 51 51
motion window019 260 710 660 30 30 255 51 51 270 710 660 30 30 51 153 255
motion window019 270 710 660 30 30 51 153 255 280 710 660 30 30 0 255 51
motion window019 280 710 660 30 30 0 255 51 290 710 660 30 30 255 255 0
motion window019 290 710 660 30 30 255 255 0 295 710 660 30 30 102 0 153
motion window019 295 710 660 30 30 102 0 153 300 710 660 30 30 229 229 255


motion window020 1 -760 660 30 30 229 229 255 1 -760 660 30 30 229 229 255
motion window020 1 -760 660 30 30 229 229 255 10 760 660 30 30 229 229 255
motion window020 10 760 660 30 30 229 229 255 250 760 660 30 30 229 229 255
motion window020 250 760 660 30 30 229 229 255 260 760 660 30 30 255 51 51
motion window020 260 760 660 30 30 255 51 51 270 760 660 30 30 51 153 255
motion window020 270 760 660 30 30 51 153 255 280 760 660 30 30 0 255 51
motion window020 280 760 660 30 30 0 255 51 290 760 660 30 30 255 255 0
motion window020 290 760 660 30 30 255 255 0 295 760 660 30 30 102 0 153
motion window020 295 760 660 30 30 102 0 153 300 760 660 30 30 229 229 255

motion door1 1 2000 750 40 80 204 0 0 1 2000 750 40 80 204 0 0
motion door1 1 2000 750 40 80 204 0 0 10 725 750 40 80 204 0 0
motion door1 10 725 750 40 80 204 0 0 300 725 750 40 80 204 0 0

motion door2 1 2000 750 40 80 204 0 0 1 2000 750 40 80 204 0 0
motion door2 1 2000 750 40 80 204 0 0 10 525 750 40 80 204 0 0
motion door2 10 525 750 40 80 204 0 0 300 525 750 40 80 204 0 0

motion door3 1 2000 750 40 80 204 0 0 1 2000 750 40 80 204 0 0
motion door3 1 2000 750 40 80 204 0 0 10 325 750 40 80 204 0 0
motion door3 10 325 750 40 80 204 0 0 300 325 750 40 80 204 0 0

motion doorknob1 1 2000 750 10 10 0 0 0 1 2000 750 10 10 0 0 0
motion doorknob1 1 2000 750 10 10 0 0 0 10 750 780 10 10 0 0 0
motion doorknob1 10 750 780 10 10 0 0 0 300 750 780 10 10 0 0 0

motion doorknob2 1 2000 750 10 10 0 0 0 1 2000 750 10 10 0 0 0
motion doorknob2 1 2000 750 10 10 0 0 0 10 550 780 10 10 0 0 0
motion doorknob2 10 550 780 10 10 0 0 0 300 550 780 10 10 0 0 0

motion doorknob3 1 2000 750 10 10 0 0 0 1 2000 750 10 10 0 0 0
motion doorknob3 1 2000 750 10 10 0 0 0 10 350 780 10 10 0 0 0
motion doorknob3 10 350 780 10 10 0 0 0 300 350 780 10 10 0 0 0
